0
130
309
561
830
960
1038
958
833
591
315
-2
-326
-595
-843
-962
-1040
-961
-839
-595
-320
-3
321
590
839
957
1035
957
833
591
315
-2
-326
-595
-843
-962
-1040
-961
-839
-595
-320
-3
321
590
839
957
1035
957
833
591
315
-1
-326
-594
-843
-962
-1040
-961
-839
-595
-320
-3
321
590
839
957
1035
957
833
591
315
-2
-326
-595
-843
-962
-1040
-961
-839
-595
-320
-3
321
590
839
957
1035
957
833
591
315
-2
-325
-595
-842
-962
-1040
-961
-839
-596
-320
-3
321
590
839
957
1034
957
833
591
315
-2
-326
-595
-843
-962
-1040
-962
-840
-596
-320
-2
320
591
838
958
1035
957
834
591
315
-2
-325
-595
-842
-962
-1040
-961
-839
-596
-320
-2
321
591
839
957
1035
957
833
591
315
-1
-326
-594
-843
-962
-1040
-962
-840
-595
-320
-3
320
590
838
958
1035
957
834
591
315
-2
-326
-595
-843
-961
-1040
-961
-839
-595
-320
-3
321
590
839
957
1034
957
834
591
315
-1
-326
-594
-843
-961
-1040
-962
-840
-595
-320
